2 (1970, 1, 1, 0, 0, 2, 563037, None)
2 (1970, 1, 1, 0, 0, 2, 444045, None)
2 (1970, 1, 1, 0, 0, 2, 473002, None)
2 (1970, 1, 1, 0, 0, 2, 497988, None)
2 (1970, 1, 1, 0, 0, 2, 426965, None)
2 (1970, 1, 1, 0, 0, 2, 182037, None)
2 (1970, 1, 1, 0, 0, 2, 207989, None)
2 (1970, 1, 1, 0, 0, 2, 373983, None)
2 (1970, 1, 1, 0, 0, 2, 400977, None)
2 (1970, 1, 1, 0, 0, 2, 429981, None)
2 (1970, 1, 1, 0, 0, 2, 454681, None)
2 (1970, 1, 1, 0, 0, 2, 480565, None)
2 (1970, 1, 1, 0, 0, 2, 506557, None)
2 (1970, 1, 1, 0, 0, 2, 530491, None)
2 (1970, 1, 1, 0, 0, 2, 539512, None)
2 (1970, 1, 1, 0, 0, 2, 539547, None)
2 (1970, 1, 1, 0, 0, 2, 539533, None)
2 (1970, 1, 1, 0, 0, 2, 541482, None)
2 (1970, 1, 1, 0, 0, 2, 542484, None)
2 (1970, 1, 1, 0, 0, 2, 542512, None)
2 (1970, 1, 1, 0, 0, 2, 539542, None)
2 (1970, 1, 1, 0, 0, 2, 539460, None)
2 (1970, 1, 1, 0, 0, 2, 540490, None)
2 (1970, 1, 1, 0, 0, 2, 540458, None)
2 (1970, 1, 1, 0, 0, 2, 541366, None)
2 (1970, 1, 1, 0, 0, 2, 541387, None)
